No.  Principal  Interest  Installment
1	1226.94	1332.46	2559.41
2	1226.94	1328.76	2555.70
3	1226.94	1325.06	2552.00
4	1226.94	1321.36	2548.30
5	1226.94	1317.66	2544.60
6	1226.94	1313.96	2540.90
7	1226.94	1310.25	2537.20
8	1226.94	1306.55	2533.50
9	1226.94	1302.85	2529.80
10	1226.94	1299.15	2526.09
11	1226.94	1295.45	2522.39
12	1226.94	1291.75	2518.69
13	1226.94	1288.05	2514.99
14	1226.94	1284.34	2511.29
15	1226.94	1280.64	2507.59
16	1226.94	1276.94	2503.89
17	1226.94	1273.24	2500.19
18	1226.94	1269.54	2496.48
19	1226.94	1265.84	2492.78
20	1226.94	1262.14	2489.08
21	1226.94	1258.44	2485.38
22	1226.94	1254.73	2481.68
23	1226.94	1251.03	2477.98
24	1226.94	1247.33	2474.28
25	1226.94	1243.63	2470.58
26	1226.94	1239.93	2466.87
27	1226.94	1236.23	2463.17
28	1226.94	1232.53	2459.47
29	1226.94	1228.83	2455.77
30	1226.94	1225.12	2452.07
31	1226.94	1221.42	2448.37
32	1226.94	1217.72	2444.67
33	1226.94	1214.02	2440.97
34	1226.94	1210.32	2437.26
35	1226.94	1206.62	2433.56
36	1226.94	1202.92	2429.86
37	1226.94	1199.22	2426.16
38	1226.94	1195.51	2422.46
39	1226.94	1191.81	2418.76
40	1226.94	1188.11	2415.06
41	1226.94	1184.41	2411.35
42	1226.94	1180.71	2407.65
43	1226.94	1177.01	2403.95
44	1226.94	1173.31	2400.25
45	1226.94	1169.61	2396.55
46	1226.94	1165.90	2392.85
47	1226.94	1162.20	2389.15
48	1226.94	1158.50	2385.45
49	1226.94	1154.80	2381.74
50	1226.94	1151.10	2378.04
51	1226.94	1147.40	2374.34
52	1226.94	1143.70	2370.64
53	1226.94	1139.99	2366.94
54	1226.94	1136.29	2363.24
55	1226.94	1132.59	2359.54
56	1226.94	1128.89	2355.84
57	1226.94	1125.19	2352.13
58	1226.94	1121.49	2348.43
59	1226.94	1117.79	2344.73
60	1226.94	1114.09	2341.03
61	1226.94	1110.38	2337.33
62	1226.94	1106.68	2333.63
63	1226.94	1102.98	2329.93
64	1226.94	1099.28	2326.23
65	1226.94	1095.58	2322.52
66	1226.94	1091.88	2318.82
67	1226.94	1088.18	2315.12
68	1226.94	1084.48	2311.42
69	1226.94	1080.77	2307.72
70	1226.94	1077.07	2304.02
71	1226.94	1073.37	2300.32
72	1226.94	1069.67	2296.62
73	1226.94	1065.97	2292.91
74	1226.94	1062.27	2289.21
75	1226.94	1058.57	2285.51
76	1226.94	1054.87	2281.81
77	1226.94	1051.16	2278.11
78	1226.94	1047.46	2274.41
79	1226.94	1043.76	2270.71
80	1226.94	1040.06	2267.00
81	1226.94	1036.36	2263.30
82	1226.94	1032.66	2259.60
83	1226.94	1028.96	2255.90
84	1226.94	1025.26	2252.20
85	1226.94	1021.55	2248.50
86	1226.94	1017.85	2244.80
87	1226.94	1014.15	2241.10
88	1226.94	1010.45	2237.39
89	1226.94	1006.75	2233.69
90	1226.94	1003.05	2229.99
91	1226.94	999.35	2226.29
92	1226.94	995.64	2222.59
93	1226.94	991.94	2218.89
94	1226.94	988.24	2215.19
95	1226.94	984.54	2211.49
96	1226.94	980.84	2207.78
97	1226.94	977.14	2204.08
98	1226.94	973.44	2200.38
99	1226.94	969.74	2196.68
100	1226.94	966.03	2192.98
101	1226.94	962.33	2189.28
102	1226.94	958.63	2185.58
103	1226.94	954.93	2181.88
104	1226.94	951.23	2178.17
105	1226.94	947.53	2174.47
106	1226.94	943.83	2170.77
107	1226.94	940.13	2167.07
108	1226.94	936.42	2163.37
109	1226.94	932.72	2159.67
110	1226.94	929.02	2155.97
111	1226.94	925.32	2152.27
112	1226.94	921.62	2148.56
113	1226.94	917.92	2144.86
114	1226.94	914.22	2141.16
115	1226.94	910.52	2137.46
116	1226.94	906.81	2133.76
117	1226.94	903.11	2130.06
118	1226.94	899.41	2126.36
119	1226.94	895.71	2122.65
120	1226.94	892.01	2118.95
121	1226.94	888.31	2115.25
122	1226.94	884.61	2111.55
123	1226.94	880.91	2107.85
124	1226.94	877.20	2104.15
125	1226.94	873.50	2100.45
126	1226.94	869.80	2096.75
127	1226.94	866.10	2093.04
128	1226.94	862.40	2089.34
129	1226.94	858.70	2085.64
130	1226.94	855.00	2081.94
131	1226.94	851.29	2078.24
132	1226.94	847.59	2074.54
133	1226.94	843.89	2070.84
134	1226.94	840.19	2067.14
135	1226.94	836.49	2063.43
136	1226.94	832.79	2059.73
137	1226.94	829.09	2056.03
138	1226.94	825.39	2052.33
139	1226.94	821.68	2048.63
140	1226.94	817.98	2044.93
141	1226.94	814.28	2041.23
142	1226.94	810.58	2037.53
143	1226.94	806.88	2033.82
144	1226.94	803.18	2030.12
145	1226.94	799.48	2026.42
146	1226.94	795.78	2022.72
147	1226.94	792.07	2019.02
148	1226.94	788.37	2015.32
149	1226.94	784.67	2011.62
150	1226.94	780.97	2007.92
151	1226.94	777.27	2004.21
152	1226.94	773.57	2000.51
153	1226.94	769.87	1996.81
154	1226.94	766.17	1993.11
155	1226.94	762.46	1989.41
156	1226.94	758.76	1985.71
157	1226.94	755.06	1982.01
158	1226.94	751.36	1978.30
159	1226.94	747.66	1974.60
160	1226.94	743.96	1970.90
161	1226.94	740.26	1967.20
162	1226.94	736.56	1963.50
163	1226.94	732.85	1959.80
164	1226.94	729.15	1956.10
165	1226.94	725.45	1952.40
166	1226.94	721.75	1948.69
167	1226.94	718.05	1944.99
168	1226.94	714.35	1941.29
169	1226.94	710.65	1937.59
170	1226.94	706.94	1933.89
171	1226.94	703.24	1930.19
172	1226.94	699.54	1926.49
173	1226.94	695.84	1922.79
174	1226.94	692.14	1919.08
175	1226.94	688.44	1915.38
176	1226.94	684.74	1911.68
177	1226.94	681.04	1907.98
178	1226.94	677.33	1904.28
179	1226.94	673.63	1900.58
180	1226.94	669.93	1896.88
181	1226.94	666.23	1893.18
182	1226.94	662.53	1889.47
183	1226.94	658.83	1885.77
184	1226.94	655.13	1882.07
185	1226.94	651.43	1878.37
186	1226.94	647.72	1874.67
187	1226.94	644.02	1870.97
188	1226.94	640.32	1867.27
189	1226.94	636.62	1863.57
190	1226.94	632.92	1859.86
191	1226.94	629.22	1856.16
192	1226.94	625.52	1852.46
193	1226.94	621.82	1848.76
194	1226.94	618.11	1845.06
195	1226.94	614.41	1841.36
196	1226.94	610.71	1837.66
197	1226.94	607.01	1833.95
198	1226.94	603.31	1830.25
199	1226.94	599.61	1826.55
200	1226.94	595.91	1822.85
201	1226.94	592.21	1819.15
202	1226.94	588.50	1815.45
203	1226.94	584.80	1811.75
204	1226.94	581.10	1808.05
205	1226.94	577.40	1804.34
206	1226.94	573.70	1800.64
207	1226.94	570.00	1796.94
208	1226.94	566.30	1793.24
209	1226.94	562.59	1789.54
210	1226.94	558.89	1785.84
211	1226.94	555.19	1782.14
212	1226.94	551.49	1778.44
213	1226.94	547.79	1774.73
214	1226.94	544.09	1771.03
215	1226.94	540.39	1767.33
216	1226.94	536.69	1763.63
217	1226.94	532.98	1759.93
218	1226.94	529.28	1756.23
219	1226.94	525.58	1752.53
220	1226.94	521.88	1748.83
221	1226.94	518.18	1745.12
222	1226.94	514.48	1741.42
223	1226.94	510.78	1737.72
224	1226.94	507.08	1734.02
225	1226.94	503.37	1730.32
226	1226.94	499.67	1726.62
227	1226.94	495.97	1722.92
228	1226.94	492.27	1719.22
229	1226.94	488.57	1715.51
230	1226.94	484.87	1711.81
231	1226.94	481.17	1708.11
232	1226.94	477.47	1704.41
233	1226.94	473.76	1700.71
234	1226.94	470.06	1697.01
235	1226.94	466.36	1693.31
236	1226.94	462.66	1689.60
237	1226.94	458.96	1685.90
238	1226.94	455.26	1682.20
239	1226.94	451.56	1678.50
240	1226.94	447.86	1674.80
241	1226.94	444.15	1671.10
242	1226.94	440.45	1667.40
243	1226.94	436.75	1663.70
244	1226.94	433.05	1659.99
245	1226.94	429.35	1656.29
246	1226.94	425.65	1652.59
247	1226.94	421.95	1648.89
248	1226.94	418.24	1645.19
249	1226.94	414.54	1641.49
250	1226.94	410.84	1637.79
251	1226.94	407.14	1634.09
252	1226.94	403.44	1630.38
253	1226.94	399.74	1626.68
254	1226.94	396.04	1622.98
255	1226.94	392.34	1619.28
256	1226.94	388.63	1615.58
257	1226.94	384.93	1611.88
258	1226.94	381.23	1608.18
259	1226.94	377.53	1604.48
260	1226.94	373.83	1600.77
261	1226.94	370.13	1597.07
262	1226.94	366.43	1593.37
263	1226.94	362.73	1589.67
264	1226.94	359.02	1585.97
265	1226.94	355.32	1582.27
266	1226.94	351.62	1578.57
267	1226.94	347.92	1574.86
268	1226.94	344.22	1571.16
269	1226.94	340.52	1567.46
270	1226.94	336.82	1563.76
271	1226.94	333.12	1560.06
272	1226.94	329.41	1556.36
273	1226.94	325.71	1552.66
274	1226.94	322.01	1548.96
275	1226.94	318.31	1545.25
276	1226.94	314.61	1541.55
277	1226.94	310.91	1537.85
278	1226.94	307.21	1534.15
279	1226.94	303.51	1530.45
280	1226.94	299.80	1526.75
281	1226.94	296.10	1523.05
282	1226.94	292.40	1519.35
283	1226.94	288.70	1515.64
284	1226.94	285.00	1511.94
285	1226.94	281.30	1508.24
286	1226.94	277.60	1504.54
287	1226.94	273.89	1500.84
288	1226.94	270.19	1497.14
289	1226.94	266.49	1493.44
290	1226.94	262.79	1489.74
291	1226.94	259.09	1486.03
292	1226.94	255.39	1482.33
293	1226.94	251.69	1478.63
294	1226.94	247.99	1474.93
295	1226.94	244.28	1471.23
296	1226.94	240.58	1467.53
297	1226.94	236.88	1463.83
298	1226.94	233.18	1460.13
299	1226.94	229.48	1456.42
300	1226.94	225.78	1452.72
301	1226.94	222.08	1449.02
302	1226.94	218.38	1445.32
303	1226.94	214.67	1441.62
304	1226.94	210.97	1437.92
305	1226.94	207.27	1434.22
306	1226.94	203.57	1430.51
307	1226.94	199.87	1426.81
308	1226.94	196.17	1423.11
309	1226.94	192.47	1419.41
310	1226.94	188.77	1415.71
311	1226.94	185.06	1412.01
312	1226.94	181.36	1408.31
313	1226.94	177.66	1404.61
314	1226.94	173.96	1400.90
315	1226.94	170.26	1397.20
316	1226.94	166.56	1393.50
317	1226.94	162.86	1389.80
318	1226.94	159.16	1386.10
319	1226.94	155.45	1382.40
320	1226.94	151.75	1378.70
321	1226.94	148.05	1375.00
322	1226.94	144.35	1371.29
323	1226.94	140.65	1367.59
324	1226.94	136.95	1363.89
325	1226.94	133.25	1360.19
326	1226.94	129.54	1356.49
327	1226.94	125.84	1352.79
328	1226.94	122.14	1349.09
329	1226.94	118.44	1345.39
330	1226.94	114.74	1341.68
331	1226.94	111.04	1337.98
332	1226.94	107.34	1334.28
333	1226.94	103.64	1330.58
334	1226.94	99.93	1326.88
335	1226.94	96.23	1323.18
336	1226.94	92.53	1319.48
337	1226.94	88.83	1315.78
338	1226.94	85.13	1312.07
339	1226.94	81.43	1308.37
340	1226.94	77.73	1304.67
341	1226.94	74.03	1300.97
342	1226.94	70.32	1297.27
343	1226.94	66.62	1293.57
344	1226.94	62.92	1289.87
345	1226.94	59.22	1286.16
346	1226.94	55.52	1282.46
347	1226.94	51.82	1278.76
348	1226.94	48.12	1275.06
349	1226.94	44.42	1271.36
350	1226.94	40.71	1267.66
351	1226.94	37.01	1263.96
352	1226.94	33.31	1260.26
353	1226.94	29.61	1256.55
354	1226.94	25.91	1252.85
355	1226.94	22.21	1249.15
356	1226.94	18.51	1245.45
357	1226.94	14.81	1241.75
358	1226.94	11.10	1238.05
359	1226.94	7.40	1234.35
360	1226.94	3.70	1230.65
Total credit granted: 441700.00
Total credit payment: 441700.00
Total interest to pay: 240509.33
Commission fee: 0.00
